1
0
0
0
0
0
0
0
0
0
0
0
0
0
0
0
0
0
0
0
0
0
0
0
0
0
0
0
0
0
0
0
0
0
0
0
0
0
0
0
0
0
0
0
0
0
0
0
0
0
[[0.0, 3.061616997868383e-15], [50.0, 0.0], [50.0, 0.0], [50.0, 0.0], [50.0, 0.0], [50.0, 0.0], [50.0, 0.0], [50.0, 0.0], [50.0, 0.0], [50.0, 0.0], [50.0, 0.0], [50.0, 0.0], [50.0, 0.0], [50.0, 0.0], [50.0, 0.0], [50.0, 0.0], [50.0, 0.0], [50.0, 0.0], [50.0, 0.0], [50.0, 0.0], [50.0, 0.0], [50.0, 0.0], [50.0, 0.0], [50.0, 0.0], [50.0, 0.0], [50.0, 0.0], [50.0, 0.0], [50.0, 0.0], [50.0, 0.0], [50.0, 0.0], [50.0, 0.0], [50.0, 0.0], [50.0, 0.0], [50.0, 0.0], [50.0, 0.0], [50.0, 0.0], [50.0, 0.0], [50.0, 0.0], [50.0, 0.0], [50.0, 0.0], [50.0, 0.0], [50.0, 0.0], [50.0, 0.0], [50.0, 0.0], [50.0, 0.0], [50.0, 0.0], [50.0, 0.0], [50.0, 0.0], [50.0, 0.0], [50.0, 0.0], [75, 25], [75, 24], [75, 23], [75, 22], [75, 21], [75, 20], [75, 19], [75, 18], [75, 17], [75, 16], [75, 15], [75, 14], [75, 13], [75, 12], [75, 11], [75, 10], [75, 9], [75, 8], [75, 7], [75, 6], [75, 5], [75, 4], [75, 3], [75, 2], [75, 1], [75, 0], [75, -1], [75, -2], [75, -3], [75, -4], [75, -5], [75, -6], [75, -7], [75, -8], [75, -9], [75, -10], [75, -11], [75, -12], [75, -13], [75, -14], [75, -15], [75, -16], [75, -17], [75, -18], [75, -19], [75, -20], [75, -21], [75, -22], [75, -23], [75, -24], [75, 25], [74, 25], [73, 25], [72, 25], [71, 25], [70, 25], [69, 25], [68, 25], [67, 25], [66, 25], [65, 25], [64, 25], [63, 25], [62, 25], [61, 25], [60, 25], [59, 25], [58, 25], [57, 25], [56, 25], [55, 25], [54, 25], [53, 25], [52, 25], [51, 25], [50, 25], [49, 25], [48, 25], [47, 25], [46, 25], [45, 25], [44, 25], [43, 25], [42, 25], [41, 25], [40, 25], [39, 25], [38, 25], [37, 25], [36, 25], [35, 25], [34, 25], [33, 25], [32, 25], [31, 25], [30, 25], [29, 25], [28, 25], [27, 25], [26, 25], [25, -25], [25, -24], [25, -23], [25, -22], [25, -21], [25, -20], [25, -19], [25, -18], [25, -17], [25, -16], [25, -15], [25, -14], [25, -13], [25, -12], [25, -11], [25, -10], [25, -9], [25, -8], [25, -7], [25, -6], [25, -5], [25, -4], [25, -3], [25, -2], [25, -1], [25, 0], [25, 1], [25, 2], [25, 3], [25, 4], [25, 5], [25, 6], [25, 7], [25, 8], [25, 9], [25, 10], [25, 11], [25, 12], [25, 13], [25, 14], [25, 15], [25, 16], [25, 17], [25, 18], [25, 19], [25, 20], [25, 21], [25, 22], [25, 23], [25, 24]]
